0.410121
0.698908
0.306163
0.0098383
0.793369
0.981727
1.25245
0.0647137
0.983084
0.201832
0.207465
1.12562
0.0410211
0.449924
0.149184
0.877292
1.64099
0.578041
0.355739
0.225759
0.219243
1.1033
0.21351
0.602413
0.169642
0.272114
1.5189
0.0399341
0.919373
0.208303
0.229805
0.664025
1.05092
0.0169842
0.0818654
0.921679
0.0318939
0.469201
0.165216
0.0679059
0.0354845
0.798122
0.0479457
0.766169
0.593596
0.0844416
0.429922
0.161668
0.991192
1.22569
0.349511
1.36603
0.0913483
0.291901
1.10199
1.0221
0.00209929
0.092424
1.09981
0.339166
2.02172
0.294209
0.897175
0.268159
0.235345
0.0861674
0.101656
0.044195
0.135214
0.774555
1.50613
0.316157
0.498388
0.483974
0.977934
1.44766
0.686342
0.0179261
0.178318
0.0256154
0.472948
0.625794
0.23524
1.40961
0.0594764
0.581006
0.226008
0.006899
0.165701
0.200799
0.192053
0.379488
0.160907
0.547886
0.185299
0.58112
0.0613266
0.360267
0.0411978
0.553222
0.351351
0.674522
0.136893
0.36799
0.0688679
0.128163
0.184893
0.962709
0.323003
0.406168
1.27035
0.347523
0.0541511
1.06071
0.24741
2.09844
0.060609
0.374785
0.0192239
1.01511
0.190227
0.140254
0.49182
0.852291
0.000824716
0.245056
0.474581
0.168079
0.0168134
1.16139
0.0894952
0.0486443
0.977036
1.13759
0.0556044
0.15126
1.50393
0.154174
0.516525
0.203787
2.03189
0.120997
0.519066
0.764511
1.59649
0.334685
0.0191243
0.185093
0.260059
0.700674
0.380063
0.0951702
0.0223574
0.100306
0.113044
0.0368296
0.436234
0.0713794
0.0699063
0.0286565
0.388844
0.238875
2.5003
0.596449
0.221612
1.03536
1.17076
0.449245
0.400125
0.585572
0.487501
1.13203
0.0406093
0.528511
0.971394
1.70315
0.958366
0.0659583
0.320548
1.48914
3.28356
0.0940533
0.776158
0.959157
0.556282
0.109293
0.120879
2.0344
0.0936834
0.900781
0.10295
0.723626
0.434593
0.11478
0.589712
0.263287
0.359732
0.208597
0.175134
0.279018
0.380782
0.32991
0.657747
0.209491
1.49792
0.63817
0.0146357
0.0101835
0.669555
2.59978
0.289926
1.17509
0.360337
0.534889
0.996817
0.0618842
0.0790695
0.064079
0.0359917
1.07175
0.367009
0.180415
0.0181045
0.756793
0.404099
2.09795
0.943176
0.0761809
0.21013
0.395941
0.181944
0.37435
0.653402
0.973407
0.358923
0.0229181
1.20966
0.58684
0.670004
0.968073
0.714935
0.0954352
0.215357
0.654612
1.08127
0.405828
0.911002
0.820961
0.181063
0.679783
0.203194
0.689552
3.28343
1.25541
0.470695
0.089328
0.676223
0.398804
0.156533
0.693167
0.49707
0.399344
0.659436
0.219751
0.0128204
1.4884
0.275628
0.0133186
0.638599
0.434161
2.74459
0.134296
1.94494
0.918542
0.294108
0.124382
0.135201
0.171553
0.692387
0.950216
0.425556
0.226491
0.0685626
0.14956
1.54104
0.0614073
0.0622848
1.37215
0.418416
0.53697
0.979239
0.2069
0.501039
1.05223
0.168852
0.726912
0.259329
1.12593
0.17016
0.877689
0.162789
1.77341
0.0915451
0.05494
0.224761
0.561564
0.710368
0.155175
0.236282
1.15208
0.454662
0.303025
1.39162
0.922627
0.420623
0.743302
0.0191505
0.13197
0.317378
0.364554
0.23548
0.493351
0.0918206
0.232016
0.0906665
0.0559493
0.849441
0.495828
0.014248
0.411847
0.565898
0.0878891
0.622822
1.37783
0.39655
0.170434
0.341992
0.0741987
0.268186
0.566649
0.366368
0.226701
0.158235
0.268721
0.128998
0.689958
1.49855
0.379221
0.367132
0.210177
0.720149
0.850195
1.31862
0.192618
1.36062
0.438434
0.328394
0.0681015
0.500996
2.59041
0.350838
0.926971
0.222945
0.0467962
0.17028
0.216174
0.575006
0.265372
0.00718839
0.00134204
0.0042925
0.469211
0.0758199
0.206676
0.992327
0.370909
0.388007
0.124515
0.770192
0.16088
0.117219
0.337101
0.0351554
0.0053564
0.266004
0.315602
0.557096
0.0640158
0.0316522
1.28824
0.878746
0.128652
0.0481249
0.112589
0.293763
0.256967
0.10131
0.0189224
0.508799
0.546144
1.2031
0.0988646
0.0108302
0.202912
0.343277
1.9235
0.0921157
0.474317
0.0299999
0.0285021
0.43861
1.00214
0.15854
0.506442
0.136485
0.405653
2.37945
0.195252
0.540597
1.17451
1.06069
0.137153
0.226243
0.581513
0.0825324
1.07871
0.255953
0.174478
0.782412
0.34466
0.038187
0.263214
0.0462219
2.65185
0.0578403
0.246284
0.726459
0.121537
1.00577
0.803082
0.576386
0.368303
0.702542
0.748424
0.514977
0.386664
0.75788
1.68439
0.392555
0.0736294
0.320079
0.966589
0.420734
1.13633
0.428852
0.334297
0.00235949
0.654517
1.29986
0.593135
0.159499
0.049731
0.0899403
0.540539
0.0356673
0.103566
0.0433412
0.813187
0.106315
0.466825
0.00849369
0.00722847
0.924385
0.152401
0.514764
0.805243
0.109361
1.67225
0.431669
0.251318
0.166409
0.794631
0.081391
0.321747
0.366072
0.105352
0.756158
0.844469
0.354421
1.12834
0.938027
0.12551
0.0345334
0.00349631
0.393306
0.0468289
0.222147
1.17114
0.513495
0.290335
1.31523
0.197795
0.00493409
0.453963
0.710551
0.10578
0.0146464
0.294913
0.015927
1.0698
0.0527991
1.02341
