0.338747
0.764449
1.09125
0.749813
0.573309
0.231121
3.04767
0.440726
0.323346
0.575196
2.0732
0.059772
0.258553
1.25246
0.104408
0.314841
1.45677
0.00229233
1.2959
0.483976
0.632127
0.700994
1.6156
0.321076
4.14827
0.287658
0.408378
2.59006
0.864582
0.0937225
1.35563
0.636516
1.89398
3.85652
0.317541
2.23271
1.21287
4.31444
0.782031
1.71544
2.32052
0.172661
2.30543
0.831032
0.289489
1.94418
0.366572
0.821441
0.0202508
1.54128
1.12461
0.537751
0.445488
0.670615
2.97844
0.467913
0.385176
0.237369
0.470995
0.229799
0.234487
0.445237
0.21309
1.95536
1.80686
2.85754
0.544829
0.141215
3.17517
0.110266
0.339201
0.755076
1.70117
0.0924286
0.40208
0.609692
0.400147
1.3969
0.958464
0.365262
1.85471
0.029613
1.96716
0.48203
0.641077
0.0239145
1.54813
0.0044965
0.291257
0.482029
0.421344
0.117772
0.355474
0.573611
0.372821
0.0739663
0.148521
0.241473
0.338785
4.13404
3.35931
2.00534
0.941106
0.307428
1.08979
1.68162
0.976151
0.20496
0.011721
0.49347
0.275183
0.510259
0.0528273
1.31973
1.46078
4.10885
0.405566
1.6421
0.207457
1.10052
0.229465
0.667516
1.21378
0.640846
3.19284
0.663857
1.43182
0.0666835
0.0419765
2.10041
5.01616
0.102214
0.0374431
1.96745
0.309109
0.0225258
0.00413278
0.302741
0.872975
1.68185
0.298133
5.61893
2.75457
0.111289
1.37979
1.21988
0.884937
0.240256
1.27989
0.640427
1.10898
2.53879
1.61906
1.54271
0.633713
1.09884
0.31481
0.110837
0.980057
0.263412
0.40527
0.339578
0.243273
0.210227
0.250772
0.345495
0.671739
3.69679
0.843474
0.0532616
0.302186
0.626414
1.16877
2.33208
0.257878
0.343013
0.953422
0.413796
0.451534
0.0420504
0.0617694
2.70165
0.257028
1.24012
0.172444
0.150898
0.349917
0.299103
0.236897
0.184673
0.537482
0.0117458
0.186507
0.494022
0.270204
0.53977
0.151819
1.73467
0.393009
0.502947
1.55636
0.847456
2.25835
0.324814
2.31825
2.81847
0.365099
0.78155
0.531369
0.105519
0.329211
0.0678942
0.176814
1.54997
0.247643
2.53665
0.885374
1.52648
0.188964
1.44081
1.61497
0.903141
2.79349
0.583304
1.16866
0.0703849
0.0374624
2.34715
1.75326
1.19652
0.514154
0.367508
1.44283
1.62718
0.429915
0.150323
1.81795
1.62946
2.03996
0.193244
0.899289
0.214745
0.467662
0.534591
1.12483
0.742016
2.61236
0.244647
0.115848
0.473272
0.009599
3.15714
0.590396
0.374338
1.36765
2.12407
0.867155
0.178934
0.00368115
0.407933
0.146242
0.931619
0.387024
2.08256
2.40293
0.209886
0.437053
1.57862
1.32686
1.1594
3.05289
1.12836
1.17613
0.445485
2.05986
1.55377
0.964072
1.59033
1.23684
0.164236
1.19231
0.33077
0.675103
0.778454
0.260337
0.0309642
0.2175
0.0398089
4.41564
2.48985
2.38359
0.156382
0.198859
1.74988
0.763827
2.26372
0.314911
1.33913
0.655746
0.576244
0.584281
2.13444
1.83379
2.57555
0.331715
0.255354
0.678662
0.0842589
0.613419
2.47986
1.12658
0.77611
0.887913
3.49327
0.638823
0.20757
1.42005
0.282484
4.58235
1.33309
0.422544
0.378061
0.480671
0.239075
1.39867
0.106614
0.592064
0.31421
0.076525
0.875927
0.482928
1.14294
0.468635
0.662524
0.75918
0.174316
2.67248
1.89722
6.51019
0.597424
0.181221
0.00303877
0.22481
0.192777
0.562096
0.554333
0.216053
0.721091
0.483587
0.0522606
0.510924
0.129958
2.40298
0.663418
0.786949
1.16064
1.84652
0.014283
2.71568
1.11235
0.036187
0.0348735
0.149607
0.274376
0.266123
0.205822
0.152678
1.71929
2.92871
0.559765
0.477042
3.06429
0.282359
0.436719
1.11186
1.60399
0.596676
1.37894
0.110783
0.409089
0.381572
0.437325
3.09753
0.926178
0.144405
0.727816
0.0744244
0.993495
0.531531
0.72677
0.108673
0.237724
0.0737897
0.390047
0.941953
0.256898
1.27664
0.34087
0.068586
0.559036
5.75611
0.295265
0.81112
0.311603
0.0271451
2.19463
1.16032
0.914244
0.0416412
0.018188
0.370372
2.22838
0.946276
1.83931
0.212945
0.179884
0.733464
0.79695
0.0406912
0.523049
0.73208
0.922286
0.453951
0.301596
0.100269
0.836705
0.721937
1.59912
0.938568
0.26715
3.34409
0.222458
0.20181
0.147008
1.10771
0.247988
2.31993
1.13451
0.467315
0.897839
0.195005
0.0849735
0.184424
0.915167
0.437059
0.125424
0.312303
0.240926
0.0660892
0.676557
0.935898
1.70476
0.889604
0.120619
4.77744
2.21471
0.363354
0.123021
0.123891
2.13009
0.307997
1.29204
0.622606
0.916197
0.146943
2.17828
2.55297
1.84202
0.178112
0.298754
0.933688
0.0485423
0.762382
1.32235
0.674807
0.97238
0.312003
3.69027
0.484149
2.22858
0.160454
0.321386
0.574524
1.27089
0.782823
0.636536
0.100723
0.968987
1.61647
0.196251
0.377345
0.67804
0.117586
1.04117
0.377179
0.615731
0.443103
2.83249
4.07495
2.28638
1.08825
5.87296
1.52911
0.274847
1.33119
1.91173
0.088911
0.0324839
0.65546
0.0266989
2.10328
0.177755
